12 40
1100111000010110110110111111000111101111 23
0111101000100001011011000101110101101001 17
0011100010001111011101011110000001100001 20
0110011011001000110110001110100101111100 22
1110111100101011000111011010100101011110 21
0011000110001001110001100100001001010011 19
1011010001011110000010011000110011010101 24
0100011011100010001110001010101000110001 18
0011101100000111111111011010100000101101 23
1000000011000000110100001010111111101100 20
0010100001011111001101101111010100110011 21
1011010010001000111010010001010000010111 24
